742,210
453,328
383,385
442,243
81,705
67,307
7,815
938,17
541,645
949,168
30,39
48,422
173,588
202,204
643,651
166,105
579,618
151,961
3,592
923,801
16,989
826,23
804,764
757,65
409,707
232,439
745,997
579,636
304,780
839,666
151,723
770,729
341,920
691,62
231,333
581,247
322,407
987,844
889,744
908,299
170,859
456,633
856,753
269,879
534,108
545,403
549,315
132,608
953,541
669,184
873,968
149,195
94,854
758,983
318,666
282,487
244,456
121,101
209,389
698,461
216,243
863,764
276,714
373,229
255,760
412,129
729,561
42,541
134,799
524,451
185,805
938,428
979,59
247,189
166,944
368,381
905,232
864,181
664,955
409,918
434,821
765,881
101,807
423,234
325,946
685,228
471,342
375,450
119,621
357,284
285,725
384,190
675,966
371,339
640,779
975,74
319,741
955,138
267,378
91,310
